size 500 500
vertex_shader color
fragment_shader gouraud
uniform 10 0 0 0 0 10 0 0 0 0 -16.6667 -2.66667 0 0 -10 0 
vertex_data fffnnn
v -0.446857 -0.102994 -0.001582 1 0 0
v -0.449059 -0.0958945 0.00515925 1 0 0
v -0.458519 -0.109974 0.00651027 1 0 0
v -0.446857 -0.102994 -0.001582 1 .5 0
v -0.440838 -0.0847351 -0.00119875 1 .5 0
v -0.449059 -0.0958945 0.00515925 1 .5 0
v 0.159211 0.223112 -0.0096935 .5 .5 .5
v 0.146096 0.222751 -0.000278999 .5 .5 .5
v 0.158749 0.224376 7.85012e-05 .5 .5 .5
v -.085779 -0.0642125 -0.121141 0 0 1
v -.058753 -0.0045044 -0.122135 0 0 1
v -.20934 -0.00221154 -0.122682 0 0 1
v -.085779 -0.0642125 -0.121141 1 1 0
v .051916 -0.066212 -0.118211 1 1 0
v -.058753 -0.0045044 -0.122135 1 1 0
render triangle
